36
1 1
2 1
3 1
4 1
5 1
6 1
1 2
2 2
3 2
4 2
5 2
6 2
1 3
2 3
3 3
4 3
5 3
6 3
1 4
2 4
3 4
4 4
5 4
6 4
1 5
2 5
3 5
4 5
5 5
6 5
1 6
2 6
3 6
4 6
5 6
6 6
3 2 7 8
5 1 3 8 7 9
5 2 4 9 8 10
5 3 5 10 9 11
5 4 6 11 10 12
3 5 12 11
5 8 1 13 2 14
8 7 9 2 14 1 3 13 15
8 8 10 3 15 2 4 14 16
8 9 11 4 16 3 5 15 17
8 10 12 5 17 4 6 16 18
5 11 6 18 5 17
5 14 7 19 8 20
8 13 15 8 20 7 9 19 21
8 14 16 9 21 8 10 20 22
8 15 17 10 22 9 11 21 23
8 16 18 11 23 10 12 22 24
5 17 12 24 11 23
5 20 13 25 14 26
8 19 21 14 26 13 15 25 27
8 20 22 15 27 14 16 26 28
8 21 23 16 28 15 17 27 29
8 22 24 17 29 16 18 28 30
5 23 18 30 17 29
5 26 19 31 20 32
8 25 27 20 32 19 21 31 33
8 26 28 21 33 20 22 32 34
8 27 29 22 34 21 23 33 35
8 28 30 23 35 22 24 34 36
5 29 24 36 23 35
3 32 25 26
5 31 33 26 25 27
5 32 34 27 26 28
5 33 35 28 27 29
5 34 36 29 28 30
3 35 30 29
