69
2 2
3 2
4 2
5 2
6 2
2 3
3 3
4 3
5 3
6 3
2 4
3 4
4 4
5 4
6 4
2 5
3 5
4 5
5 5
6 5
2 6
3 6
4 6
5 6
6 6
2 7
3 7
4 7
5 7
6 7
2 0
3 0
4 0
5 0
6 0
7 0
8 0
8 1
8 2
8 3
8 4
8 5
8 6
8 7
8 8
8 9
2 8
3 8
4 8
5 8
6 8
8 10
7 10
5 10
6 10
4 10
3 10
2 10
1 10
1 0
1 1
1 2
1 4
1 5
1 7
1 6
1 8
1 9
1 3
3 2 6 62 
3 1 3 7 
3 2 4 8 
3 3 5 9 
2 4 10 
4 7 1 11 69 
4 6 8 2 12 
4 7 9 3 13 
4 8 10 4 14 
3 9 5 15 
4 12 6 16 63 
4 11 13 7 17 
4 12 14 8 18 
4 13 15 9 19 
3 14 10 20 
4 17 11 21 64 
4 16 18 12 22 
4 17 19 13 23 
4 18 20 14 24 
3 19 15 25 
4 22 16 26 66 
4 21 23 17 27 
4 22 24 18 28 
4 23 25 19 29 
3 24 20 30 
4 27 21 47 65 
4 26 28 22 48 
4 27 29 23 49 
4 28 30 24 50 
3 29 25 51 
2 32 60 
2 31 33 
2 32 34 
2 33 35 
2 34 36 
2 35 37 
2 36 38 
2 37 39 
2 38 40 
2 39 41 
2 39 42 
2 41 43 
2 42 44 
2 43 45 
2 44 46 
2 45 52 
3 67 48 26 
3 47 49 27 
3 48 50 28 
3 49 51 29 
2 50 30 
2 45 53 
2 52 55 
2 55 56 
2 53 54 
2 54 57 
2 56 58 
2 57 59 
2 58 68 
2 61 31 
2 62 60 
3 69 61 1 
3 64 69 11 
3 66 63 16 
3 67 66 26 
3 65 64 21 
3 68 65 47 
2 59 67 
3 63 62 6 