41
2 3
2 4
2 5
2 6
2 7
2 8
3 3
3 4
3 5
3 6
4 3
4 4
4 5
4 6
4 7
4 8
5 5
5 6
6 5
6 6
7 5
7 3
7 4
7 2
7 1
8 1
10 1
9 1
10 2
10 3
10 5
10 4
9 6
10 6
10 7
10 8
9 8
8 8
7 8
6 8
5 8
2 2 7 
3 3 1 8 
3 4 2 9 
3 5 3 10 
2 6 4 
1 5 
3 1 8 11 
4 7 2 9 12 
4 3 8 10 13 
3 9 4 14 
2 7 12 
3 11 13 8 
4 12 17 14 9 
4 13 10 15 18 
2 14 16 
2 15 41 
3 13 19 18 
3 20 14 17 
3 21 20 17 
2 19 18 
2 23 19 
2 24 23 
2 22 21 
2 25 22 
2 26 24 
2 28 25 
2 29 28 
2 27 26 
2 30 27 
2 32 29 
2 34 32 
2 31 30 
1 34 
3 35 33 31 
2 36 34 
2 37 35 
2 38 36 
2 39 37 
2 40 38 
2 41 39 
2 16 40 